467642512 2808058179 217483684
2526131270 1651737021 215776571
1565499377 511818960 6051670
3343480207 1867513592 514593
2798489883 3734797658 14675956
3857697742 2589503758 214253670
815171875 1987566640 37566751
247326358 0 171803249
2084427309 467642512 44176448
2958404070 2075919098 113827599
3343994800 3944730705 350236591
2741907841 605954073 56582042
1964888854 1868028185 119538455
2128603757 3025541863 190296071
0 171803249 247326358
981208417 1018163709 584290960
3339179456 2803757428 4300751
3072231669 789607411 154371749
685126196 2025133391 41962236
852738626 2067095627 8823471
1698622343 943979160 74184549
1772806892 3215837934 192081962
3694231391 3749473614 163466351
3258394158 1602454669 49282352
1571551047 662536115 127071296
4071951412 2366487874 223015884
2318899828 3407919896 207231442
2813165839 2310334853 24650075
877578219 3631167460 103630198
2837815914 2189746697 120588156
727088432 517870630 88083443
861562097 3615151338 16016122
3307676510 2334984928 31502946
3226603418 3912939965 31790740