2289569155 2295914330 132474891
3336845004 3857582618 604013
137201536 465156883 67111840
0 54072971 10834440
2613787395 3979038278 315929018
2929716413 2499280923 31840158
2492935748 3858186631 120851647
3337449017 2531121081 957518279
1119175103 926319928 393815858
220477639 0 54072971
2975037529 1934106855 18186723
2422044046 2428389221 70891702
1934106855 3488639360 355462300
867655257 658635819 251519846
467405785 64907411 400249472
204313376 910155665 16164263
274550610 1320135786 192855175
10834440 532268723 126367096
2993224252 1952293578 343620752
2961556571 3844101660 13480958