523464332 2485592576 7655734
1306479498 3401177698 44583163
72682795 2493248310 40062854
1351062661 10924544 136936144
1950759356 374811960 103408928
1628354042 1079719374 5733623
4278168745 4150271912 16798551
1634087665 867706665 116014557
112745649 147860688 85469942
1487998805 1432016565 15767141
46512214 3323202074 26170581
198215591 1822839586 82352133
1503765946 1905191719 124588096
2320905962 233330630 141481330
34455944 855650395 12056270
945527000 2533311164 65423823
1010950823 1238767929 68991034
2089724509 1085452997 153314932
4150271912 4228943070 66024226
2923124195 1307758963 124257602
3063630615 2029779815 155675415
2243039441 3263624618 59076159
0 2185455230 23531400
1079941857 1447783706 219106104
4216296138 4167070463 7178707
3219306030 2208986630 276605946
3814380111 3322700777 501297
23531400 0 10924544
280567724 2598734987 242896608
3501210985 2841631595 313169126
2462387292 478220888 358639145
2054168284 3349372655 35556225
1750102222 1666889810 91833237
1299047961 3451860467 7431537
3047381797 3384928880 16248818
3495911976 1758723047 5299009
2827126043 983721222 95998152
4223474845 4174249170 54693900
2302115600 836860033 18790362
2821026437 3445760861 6099606
531120066 3459292004 355589404
1841935459 3154800721 108823897
886709470 1764022056 58817530