2018290756 3339896462 24416138
2758197106 1920240630 127305443
1435979012 3212189099 87605129
1769136092 2998937118 64911939
3618781885 4020815132 64754456
2463559257 2553699148 87957011
3338671715 2945268602 53668516
1346451950 4085569588 31754584
2333003205 2227115482 79041240
3021969750 3172189648 39999451
3240436817 2192137296 17307942
1418308768 2209445238 17670244
357589270 447365191 170229577
2551516268 2811272034 55795229
2412044445 3120674836 51514812
2155360081 4117324172 177643124
3888375100 1524919566 145384982
550058871 314116828 30128840
2885502549 2867067263 78201339
2963703888 2344871065 24585358
4157684401 1782957735 137282895
4033760082 3736328042 120993236
3257744759 2142598135 45143696
3392340231 3063849057 56825779
2042706894 1670304548 112653187
1523584141 3515198209 20686539
341412066 830731292 16177204
580187711 723815388 106915904
3883979635 2187741831 4395465
1378206534 3299794228 40102234
764927838 617594768 20034273
3449166010 2641656159 169615875
1544270680 3857321278 163493854
2988289246 2108917631 33680504
687103615 645991165 77824223
1707764534 2047546073 61371558
527818847 344245668 22240024
4154753318 2341939982 2931083
793324235 393780930 53584261
1834048031 2369456423 184242725
314116828 366485692 27295238
784962111 637629041 8362124
2607311497 3364312600 150885609
3683536341 3535884748 200443294
3061969201 1346451950 178467616
3302888455 2306156722 35783260