643811272 144875370 639662384
3197353303 4064611747 230355549
2428135249 2178155112 85507014
2589388740 2163836443 14318669
2641064681 3116679588 24929315
1947728375 0 54427824
2665993996 3141608903 36865900
1660679363 2591737738 11969671
3807776623 3220207966 248700485
347509555 54427824 90447546
0 2336205674 208134837
3722035899 3726277139 85740724
2002156199 1341605129 169698758
4056477108 3563548228 162728911
208134837 1511303887 139374718
2513642263 1710884259 75746477
2702859896 3468908451 18878500
3427708852 3812017863 252593884
1283473656 1786630736 377205707
2736208594 2641064681 461144709
2238047311 784537754 190087938
1720046261 974625692 167476460
1672649034 2544340511 47397227
4219206019 3487786951 75761277
1887522721 1650678605 60205654
3680302736 3178474803 41733163
510500649 1208294506 133310623
437957101 2263662126 72543548
2721738396 3102209390 14470198
2171854957 1142102152 66192354